rgb 16 15 110 140
rgb 17 30 125 150
rgb 18 50 135 155
rgb 19 60 150 170
rgb 20 85 155 185
rgb 21 90 170 195
rgb 22 100 180 195
rgb 23 120 195 205
rgb 24 135 205 220
rgb 25 150 210 220
rgb 26 160 225 240
rgb 27 180 230 255
rgb 28 10 145 70
rgb 29 25 155 80
rgb 30 40 170 85
rgb 31 65 170 95
rgb 32 75 175 105
rgb 33 95 185 105
rgb 34 120 195 110
rgb 35 125 200 120
rgb 36 150 205 125
rgb 37 165 220 125
rgb 38 190 225 135
rgb 39 200 230 140
rgb 40 220 240 150
rgb 41 240 240 195
rgb 42 240 235 140
rgb 43 240 215 130
rgb 44 245 200 90
rgb 45 240 175 75
rgb 46 230 155 60
rgb 47 240 135 45
rgb 48 225 115 0
rgb 49 250 80 60
rgb 50 240 15 105
rgb 51 185 0 55
rgb 52 125 0 5
rgb 53 160 100 175
rgb 54 135 85 155
rgb 55 135 40 165

rgb 70 220 220 255
rgb 71 160 140 255
rgb 72 112  96 220
rgb 73  90  70 200
rgb 74  55  40 165
rgb 75  20   0 130

rgb 76  20 100 210
rgb 77  40 130 240
rgb 78  80 165 245

rgb 90 150 0 0
rgb 91 190 0 0
rgb 92 220 0 0
rgb 93 250 0 0

ccols 0 70 71 72 73 74 75 76 77 78 28 29 30 31 32 33 34 35 36 37 38 39 40 41 42 43 44 45 46 47 48 49 50 51 52 90 91 92 93
clevs 0 2 4 6 8 10 12 14 16 17 18 19 20 20.5 21.0 21.5 22.0 22.5 23.0 23.5 24.0 25.0 25.5 26.0 26.5 27.0 27.5 28.0 28.5 29.0 29.7 30.7 31.5 32 33 34 35 36
